0001_s001.png (480,480,3)
0001_s002.png (480,480,3)
0001_s003.png (480,480,3)
0001_s004.png (480,480,3)
0001_s005.png (480,480,3)
0001_s006.png (480,480,3)
0001_s007.png (480,480,3)
0001_s008.png (480,480,3)
0001_s009.png (480,480,3)
0001_s010.png (480,480,3)
0001_s011.png (480,480,3)
0001_s012.png (480,480,3)
0001_s013.png (480,480,3)
0001_s014.png (480,480,3)
0001_s015.png (480,480,3)
0001_s016.png (480,480,3)
0001_s017.png (480,480,3)
0001_s018.png (480,480,3)
0001_s019.png (480,480,3)
0001_s020.png (480,480,3)
0001_s021.png (480,480,3)
0001_s022.png (480,480,3)
0001_s023.png (480,480,3)
0001_s024.png (480,480,3)
0001_s025.png (480,480,3)
0001_s026.png (480,480,3)
0001_s027.png (480,480,3)
0001_s028.png (480,480,3)
0001_s029.png (480,480,3)
0001_s030.png (480,480,3)
0001_s031.png (480,480,3)
0001_s032.png (480,480,3)
0001_s033.png (480,480,3)
0001_s034.png (480,480,3)
0001_s035.png (480,480,3)
0001_s036.png (480,480,3)
0001_s037.png (480,480,3)
0001_s038.png (480,480,3)
0001_s039.png (480,480,3)
0001_s040.png (480,480,3)
0002_s001.png (480,480,3)
0002_s002.png (480,480,3)
0002_s003.png (480,480,3)
0002_s004.png (480,480,3)
0002_s005.png (480,480,3)
0002_s006.png (480,480,3)
0002_s007.png (480,480,3)
0002_s008.png (480,480,3)
0002_s009.png (480,480,3)
0002_s010.png (480,480,3)
0002_s011.png (480,480,3)
0002_s012.png (480,480,3)
0002_s013.png (480,480,3)
0002_s014.png (480,480,3)
0002_s015.png (480,480,3)
0002_s016.png (480,480,3)
0002_s017.png (480,480,3)
0002_s018.png (480,480,3)
0002_s019.png (480,480,3)
0002_s020.png (480,480,3)
0002_s021.png (480,480,3)
0002_s022.png (480,480,3)
0002_s023.png (480,480,3)
0002_s024.png (480,480,3)
0002_s025.png (480,480,3)
0002_s026.png (480,480,3)
0002_s027.png (480,480,3)
0002_s028.png (480,480,3)
0002_s029.png (480,480,3)
0002_s030.png (480,480,3)
0002_s031.png (480,480,3)
0002_s032.png (480,480,3)
0002_s033.png (480,480,3)
0002_s034.png (480,480,3)
0002_s035.png (480,480,3)
0002_s036.png (480,480,3)
0002_s037.png (480,480,3)
0002_s038.png (480,480,3)
0002_s039.png (480,480,3)
0002_s040.png (480,480,3)
0002_s041.png (480,480,3)
0002_s042.png (480,480,3)
0002_s043.png (480,480,3)
0002_s044.png (480,480,3)
0002_s045.png (480,480,3)
0002_s046.png (480,480,3)
0002_s047.png (480,480,3)
0002_s048.png (480,480,3)
0002_s049.png (480,480,3)
0002_s050.png (480,480,3)
0002_s051.png (480,480,3)
0002_s052.png (480,480,3)
0002_s053.png (480,480,3)
0002_s054.png (480,480,3)
0002_s055.png (480,480,3)
0002_s056.png (480,480,3)
0003_s001.png (480,480,3)
0003_s002.png (480,480,3)
0003_s003.png (480,480,3)
0003_s004.png (480,480,3)
0003_s005.png (480,480,3)
0003_s006.png (480,480,3)
0003_s007.png (480,480,3)
0003_s008.png (480,480,3)
0003_s009.png (480,480,3)
0003_s010.png (480,480,3)
0003_s011.png (480,480,3)
0003_s012.png (480,480,3)
0003_s013.png (480,480,3)
0003_s014.png (480,480,3)
0003_s015.png (480,480,3)
0003_s016.png (480,480,3)
0003_s017.png (480,480,3)
0003_s018.png (480,480,3)
0003_s019.png (480,480,3)
0003_s020.png (480,480,3)
0003_s021.png (480,480,3)
0003_s022.png (480,480,3)
0003_s023.png (480,480,3)
0003_s024.png (480,480,3)
0003_s025.png (480,480,3)
0003_s026.png (480,480,3)
0003_s027.png (480,480,3)
0003_s028.png (480,480,3)
0003_s029.png (480,480,3)
0003_s030.png (480,480,3)
0003_s031.png (480,480,3)
0003_s032.png (480,480,3)
0003_s033.png (480,480,3)
0003_s034.png (480,480,3)
0003_s035.png (480,480,3)
0003_s036.png (480,480,3)
0003_s037.png (480,480,3)
0003_s038.png (480,480,3)
0003_s039.png (480,480,3)
0003_s040.png (480,480,3)
